error: 28.8149046710103
lstsq error: 27.347241765250775
GPU1 error: 28.753315811131504
GPU2 error: 28.8149046710103
optimal x: [ 1.01048599e-02 -1.63962344e-02  8.18530410e-03 -3.00432717e-04
 -1.13814665e-02  4.82772075e-03  2.31549080e-02  1.78982011e-02
  1.54345318e-02  2.03025957e-02  2.04379305e-02 -2.31554456e-02
 -1.19348363e-02  1.61581271e-02  4.95154600e-04 -3.03585364e-03
 -2.88226547e-03  5.94086178e-03  2.13699856e-02 -1.58383437e-02
  2.85404116e-02  1.40183391e-02 -3.37064614e-02  4.07298851e-02
 -3.85681062e-02  7.50014350e-03 -2.22437188e-02 -2.03335650e-03
 -1.01650179e-02  1.76497871e-02  1.81008971e-02 -2.75222182e-02
 -2.95724984e-03 -9.10122102e-03  3.10692722e-03 -3.14054035e-03
 -2.26343059e-03 -3.01588157e-02  1.64768566e-02  1.61106499e-03
 -1.90585099e-02 -3.34766881e-03  2.44702851e-03 -3.70218429e-02
 -4.94132735e-02 -2.66646813e-02 -6.95659343e-03  1.42217886e-02
 -1.54128487e-02  2.90124833e-02  1.67054139e-02 -3.60652810e-03
  1.03569111e-02  1.35466974e-02  1.30198357e-02  1.49746728e-02
  3.95961598e-03 -5.18096361e-03 -9.93377536e-03 -1.04290241e-02
  1.32338957e-02 -2.61653923e-02  2.18577734e-02  1.86172722e-02
 -2.60053513e-02 -7.56262966e-03 -1.30514187e-02 -3.53360706e-03
  1.28914878e-02 -1.69337864e-02  2.03208073e-02 -5.81977428e-03
 -5.19004193e-03  7.88421504e-03 -2.34605702e-02 -6.41049591e-03
 -4.43065808e-04 -1.26875016e-03 -2.15965223e-02  6.09849288e-03
  1.03485382e-02 -7.49448232e-04  6.40326234e-03  1.38064454e-03
 -6.97654995e-03 -7.53021854e-03  6.98230145e-03 -1.31862946e-02
  1.97999445e-02  2.40812872e-02 -1.04746562e-02  2.75619128e-02
 -5.72891757e-03 -4.69455513e-03  6.15911795e-03  1.05160105e-02
 -2.90736247e-02 -2.37535484e-02 -5.12143793e-03 -2.01664590e-02
  2.35076803e-02  1.42583817e-03  2.75497324e-02 -6.52335667e-03
 -3.58021616e-03  2.46764912e-02 -1.57980052e-02  2.02736394e-02
  1.78818556e-03  8.49878424e-03  2.46549105e-03 -6.35208629e-03
  3.33646357e-03 -1.62034738e-03 -1.41989505e-02 -9.77842366e-04
  9.77313826e-03 -3.55492041e-02  1.01634713e-02  4.34237042e-03
 -2.41972647e-02 -2.14222838e-02  5.09190300e-03 -7.38799836e-03
 -1.60003725e-02  2.72275642e-02  1.39728074e-02  5.88094260e-03
  1.51103679e-02 -3.37720893e-02  8.61834883e-03  1.18813711e-02
  6.66318021e-03 -3.30286857e-03 -3.25259606e-02  1.00167441e-02
  6.67642596e-03  3.50399562e-03 -2.88128638e-03  1.54813018e-03
  3.80106722e-03 -2.69040204e-04  7.04317942e-03 -1.56038923e-03
 -1.92307183e-02 -1.95697260e-02 -1.26920912e-02  6.62993728e-03
  1.55368774e-02  1.56627810e-02 -2.38313946e-02 -1.51635280e-02
 -3.24357963e-03 -7.54769958e-03  7.21098738e-03 -2.19483244e-02
  1.03130058e-02  1.54963351e-02  1.88282365e-03  1.60431628e-02
 -9.66706005e-03 -8.73243435e-03 -1.97935515e-02 -3.15197521e-03
  9.63529148e-04  2.42386848e-03  1.03899232e-02 -2.18595715e-02
 -1.29991428e-03  1.67516675e-03  2.62576713e-02 -1.56326764e-03
  6.68883321e-03 -2.44081690e-02  3.74663670e-03  7.26216704e-03
  6.26176980e-03 -2.66303326e-02 -6.10905364e-03 -6.52476055e-03
  2.03573973e-03  2.00376996e-02  2.10561065e-02  2.28726027e-02
 -1.67082577e-02  5.99132159e-03  2.80935330e-03  2.34647863e-02
 -1.29611582e-02 -2.17981395e-04  4.82213546e-03 -7.73909603e-03
  3.64418376e-02  1.03924171e-03  1.31737546e-03  1.33959602e-02
 -1.44939122e-02 -1.54272565e-02  1.85819117e-02  1.65355932e-03
  4.26748533e-03 -3.14724510e-02  5.59394563e-04  9.72840268e-03
 -1.42945852e-02  1.08903042e-02  9.48974004e-03  1.73912341e-03
 -2.66060479e-02 -1.63582834e-02  1.86794172e-02  2.05299026e-02
  2.03261504e-03 -8.67622604e-03  1.00836437e-02 -7.11964004e-03
  5.38991720e-02  3.91560912e-02 -1.14767183e-02 -1.46767751e-02
 -8.59963053e-03 -4.12108942e-03 -7.21288183e-03  4.76132337e-03
 -4.41805515e-03  1.59554319e-02  1.21349341e-02 -2.06648366e-02
  7.71583274e-03  2.26913923e-02  1.99172382e-03  3.48911063e-03
  1.66210376e-02  7.40670928e-03  1.99358193e-02 -6.97206048e-05
  1.05683066e-03  4.96063934e-03  1.14734873e-02  4.71482069e-03
 -5.91761765e-03  1.50958761e-02  9.56364153e-03 -3.14567346e-03
  1.80374180e-02  1.28107941e-03 -1.10051894e-03  2.32828752e-02
 -1.10116491e-02 -3.10833801e-03  3.28359063e-03  1.54245039e-02
 -9.34752891e-03 -1.83776283e-02 -2.29551483e-02 -3.29289246e-03
 -2.30709594e-02 -1.26594204e-02  6.28124386e-03  4.01435415e-02
  1.75091747e-02  9.08384916e-03 -1.01705645e-02 -4.92124029e-03
 -1.19784431e-02  2.44838582e-02 -1.94843529e-02  2.90888680e-02
  1.58933010e-02  1.08132594e-02  6.47255638e-03  9.08680784e-03
 -1.93388108e-02 -2.55352772e-03  1.39748036e-02 -1.56733384e-02
  3.97896659e-02  1.13585736e-02  2.09037631e-02 -8.76836202e-03
  4.30024664e-03 -1.46965977e-02  1.76970494e-02  1.79530526e-02
 -1.84517255e-02 -1.48709272e-02 -1.23621779e-02  2.75505493e-03
  1.19732771e-02  7.19311008e-03 -1.22443790e-02 -2.71277194e-03
 -4.65869905e-03  9.83925586e-03 -1.14944051e-02  4.54208875e-03
  1.26786611e-02  1.52278444e-02  2.32595611e-02  2.27414801e-02
  1.98025930e-02 -9.21973935e-03  8.24634920e-03  4.28389925e-02
  2.52887236e-03  2.59450542e-03 -9.50165189e-03 -7.64786619e-04
 -1.93946025e-02  5.47554379e-03  1.55462427e-02 -6.14728380e-03
  1.71882965e-03  3.41418817e-02 -2.46147968e-03  1.68164633e-02
  7.16758048e-03  1.99521662e-02  2.93356547e-03  2.25489548e-02
  2.68047956e-02  7.30527070e-03 -2.84852398e-03  2.07486047e-02
 -9.96658629e-04  4.18846699e-03 -3.70046188e-02  1.15445210e-02
 -1.06639413e-02  7.36199362e-03 -2.82033463e-02 -1.09885917e-02
 -1.90167442e-02  1.81940594e-02  5.16381256e-03  1.38573667e-02
  5.72236389e-03 -7.91613739e-03  7.71100620e-03 -2.80107226e-02
  7.56798016e-03  9.42680647e-03  4.21908666e-03 -8.83956122e-03
 -2.34143650e-03 -2.44585363e-02  3.63816658e-04 -9.76948024e-03
  2.11029730e-02 -4.95276695e-03 -9.04125224e-03  1.04582422e-03
 -1.25332733e-02 -2.78555715e-03  1.57914505e-02 -1.20725112e-02
  2.12989654e-02  1.52617907e-02  2.14957722e-02 -9.98714917e-03
  1.90783676e-02 -4.01733744e-03  6.14963862e-03  1.87223535e-02
  1.27691962e-02  2.87256958e-02 -9.72529750e-04 -2.91168728e-02
 -2.74607383e-04 -2.87456670e-03 -1.69596036e-02  1.34978866e-02
  3.43239936e-02  3.10294018e-02 -1.07612500e-02 -7.59279697e-03
 -4.94113533e-03 -2.10091955e-02 -1.26419960e-02  1.03250843e-02
  1.77559007e-02  8.87928613e-04  1.05313837e-02  1.60653592e-02
  9.54854464e-04  5.40333053e-03  2.86549875e-02  1.39085112e-02
 -2.25577231e-03 -1.86646117e-02  6.57859441e-03  2.64356799e-02
 -1.15647435e-02  2.28749161e-02 -1.25651224e-02 -1.85541747e-02
  2.30640137e-02 -1.65678712e-03  2.43908139e-02  5.23395732e-03
  2.68180661e-03 -1.53979042e-03  3.89066534e-02 -9.14100110e-03
 -2.02164006e-02  6.79009947e-03 -1.63705060e-02  1.54439616e-03
 -3.58643344e-03  1.41843244e-02  1.51427013e-02  2.23362899e-02
  2.47490907e-02  1.35539897e-02 -4.35027296e-02  9.92447631e-03
  4.40379760e-03  1.93113077e-02 -5.58330335e-03 -5.99135005e-03
 -1.75433195e-03  6.44247929e-03  3.50508119e-02  2.55836778e-03
  1.99862331e-03  1.11927378e-02 -4.09934163e-03  2.13097842e-02
 -1.83276368e-02 -1.22154878e-02 -2.19193998e-02 -1.20778022e-02
 -3.61384130e-03  1.51477533e-02  2.66090435e-02  8.72441911e-03
  2.65451536e-02 -1.48708262e-02 -1.71475594e-02  2.13054318e-02
  2.08439152e-03  2.01621905e-02 -2.39331539e-02  2.67606944e-02
  3.58207579e-03  2.13215359e-03  9.41100440e-03  2.37837371e-02
 -3.78713396e-03 -2.81900418e-02  1.81800062e-02 -2.52270496e-02
  1.92765496e-02  2.79630431e-02  1.65529468e-03  7.47611374e-03
 -2.45691696e-03 -1.67671438e-03  2.90635926e-03  8.84661235e-03
  2.19950985e-03 -1.18140581e-02  2.46213267e-02  1.64571080e-03
 -1.13046032e-02 -8.68233190e-03 -1.30783846e-02  1.38983388e-03
 -2.99243754e-02 -7.83157575e-03 -1.42145541e-02 -2.26261921e-03
  5.54804689e-03  3.40934628e-02 -1.39817018e-02 -1.13401109e-02
  4.79625825e-03 -2.83056600e-02 -1.55011066e-02  1.39871866e-02
  9.97886386e-03 -2.33929535e-02  6.95250128e-03 -3.97413752e-03
 -2.96299904e-02 -8.96462120e-04 -1.71929989e-02  1.78837753e-02
  1.45398817e-02 -9.57029349e-03  6.82538837e-03 -5.07940434e-04
  1.39720022e-03  1.01316647e-02  2.29267282e-04  7.80818570e-03
  3.47291690e-03 -8.19086166e-03  1.82575809e-02 -2.60315800e-02
  7.12644010e-03  1.94783896e-02  7.13762387e-03 -8.06338466e-03
  2.92024970e-02  5.17186852e-03  4.62979833e-03 -2.42526483e-02
 -6.44271978e-04  1.32008104e-02 -1.40666110e-02  6.78947309e-03
  1.42391936e-02  7.91641225e-03 -1.34575738e-02  6.60921126e-03
  7.96079276e-03 -3.57340891e-02 -3.17039677e-02  6.44867703e-03
 -5.87027664e-03 -3.99805426e-02  3.93994909e-03 -1.53968988e-02
 -1.08564132e-02  1.88117323e-02  3.42218950e-02  1.08817967e-02
 -1.08521045e-03  4.02964572e-03  2.87378342e-03  1.40320066e-03
  4.60858996e-03 -1.29321316e-05 -2.69273881e-04 -1.74507344e-02
  6.38645553e-03 -1.79441521e-02 -1.84457693e-03  1.01611856e-02
 -1.39408679e-02  7.24476789e-03  2.66972516e-02 -3.07194383e-02
 -6.74407376e-03 -4.18517405e-02 -1.18519512e-02  2.40845352e-02
 -2.39357789e-02  5.48029757e-03  1.76791864e-02  5.21587893e-03
 -7.45892003e-04  6.30962270e-03  1.33620113e-03 -2.31511899e-02
  2.60021697e-02 -6.59961184e-03  1.62398483e-02  2.04355388e-02
  1.85339526e-02 -2.22787670e-02 -3.67181811e-04 -2.09054994e-02
  2.34197236e-02 -7.18394437e-03  1.63339954e-02 -1.07006243e-02
  3.59342792e-02 -4.68552621e-03 -1.01683122e-02  3.65869478e-02
  3.82002270e-03 -2.67851893e-03 -2.98439429e-02 -9.24344547e-03
 -1.03276023e-03 -1.29167175e-02 -2.91467367e-03  9.32626684e-03
 -1.45651078e-02 -1.06795655e-02  1.67736280e-02 -4.18148282e-03
  1.27921074e-02  1.02871658e-02  3.60396079e-02 -1.25914395e-02
 -2.31312749e-02 -1.03615391e-02 -2.87120439e-02 -5.70591905e-03
  1.18787796e-02  8.30978521e-03  4.31196656e-03  1.01090936e-02
 -3.18101559e-03  3.13055741e-03 -1.98993352e-03 -4.89829150e-03
 -1.17306995e-02 -3.96191290e-03  4.71457861e-02  1.48974780e-02
  2.92701651e-04  8.52936920e-04 -1.65610709e-02  1.81637312e-03
 -5.54084237e-03  3.72168153e-02  1.04563058e-02 -2.24021641e-02
  2.09169621e-02  2.10111905e-02 -6.05251113e-03  5.69228797e-03
 -4.91214722e-03  1.17075387e-02  1.12410135e-02 -1.35027242e-03
  5.65734901e-04  4.62028263e-03 -5.69225228e-04  1.00791388e-02
 -7.75223651e-03 -2.35173355e-02 -6.17296743e-03 -2.92719954e-02
 -3.18426309e-02 -2.21008672e-05 -2.28616401e-02 -2.32023091e-03
  5.29902651e-03  8.04663268e-03 -9.64072950e-03  1.52903209e-02
 -7.42600353e-03 -1.47049904e-02 -1.17260116e-02 -2.11071472e-02
 -1.19403371e-02 -1.19397248e-02 -2.50118973e-02 -6.85962283e-03
  3.68384180e-03  2.23217818e-03  6.66596941e-03 -5.25131081e-03
 -1.42910196e-02  2.95880377e-02  3.51590182e-03 -1.36111710e-02
  1.90990420e-02 -9.73942629e-04  2.66269364e-03  3.70564901e-03
 -1.24809770e-02 -2.06685797e-03 -1.38803804e-02  3.30032128e-02
  2.91129563e-02  2.40023024e-03 -2.99100267e-02 -2.11567380e-02
 -1.81232117e-02  1.50641429e-02 -9.29574566e-03  6.93728567e-03
 -1.42858332e-02 -1.02228869e-02  1.41673172e-02 -6.41511243e-03
 -1.00770854e-03 -2.38985249e-02 -7.20026721e-03 -3.08361042e-02
  6.32216575e-03  1.33719901e-02 -1.48546722e-03 -2.35036474e-03
 -2.85365036e-03 -1.02468390e-02 -5.84230612e-03 -8.25467812e-03
  1.30987720e-03  9.27989854e-03 -1.82191557e-02 -1.49631097e-02
  1.50515760e-02 -5.29074209e-03 -1.99073042e-02  3.70661586e-02
  1.59978506e-02 -8.15156485e-04 -1.22074479e-03  3.88379267e-03
  4.31557209e-04  5.59851369e-03  1.23389032e-02  1.15262070e-02
 -2.73750055e-03  1.12747259e-02  1.32474727e-02 -1.93948966e-02
  1.09896410e-02  9.95398057e-03 -6.14744423e-03  2.35737194e-02
 -5.07350688e-04  3.81521331e-02  5.76344653e-03 -7.29923011e-04
  1.86141401e-02  1.10315359e-02 -2.58663177e-02  7.93082812e-03
  1.96899587e-02 -6.41619970e-03  6.47896975e-03  1.48271782e-02
  8.93162904e-03  5.93977514e-03  2.87732471e-02  7.72912469e-03
  1.76550624e-03 -3.22951670e-02  2.31207781e-03  5.20634473e-03
  2.29135197e-02 -8.88802527e-03  1.70997351e-02  3.48076011e-03
 -1.99513135e-02  7.62057912e-03 -6.55791050e-03 -4.64465450e-03
 -1.37030114e-02  3.38879218e-03 -3.34114185e-02  5.29414347e-03
 -1.85260173e-03  1.89175613e-02 -2.00460359e-02 -1.08213596e-02
  1.44200365e-02  5.50751358e-03 -2.76811028e-02  8.48592002e-03
 -7.66565348e-03  3.18410304e-03  2.19702969e-02  1.50784232e-02
  3.58790083e-02  8.63114085e-03  2.45978730e-03  1.39543258e-02
  1.59244806e-02 -3.84324955e-02  8.69690073e-03 -2.78255708e-02
 -1.91754711e-04  3.72273348e-02 -7.99173141e-04  5.52893244e-03
  6.52181425e-03 -8.91796420e-04  1.23645615e-02  4.21164927e-03
 -7.78660900e-03  8.25083065e-03 -2.72538336e-03 -3.20128580e-02
  1.93124865e-02 -1.10013866e-02 -1.96467190e-02 -2.09479552e-02
 -2.23591846e-02  1.07810410e-02  4.87015785e-03  6.30913823e-03
  1.24222474e-02  8.41802175e-03 -1.10018528e-02 -1.30432004e-02
 -8.19900029e-04 -1.68799760e-02  4.77074849e-03 -7.00513665e-03
  7.72537812e-03 -7.19268738e-03  7.12068141e-03  3.41245669e-04
  9.15514275e-03 -1.89632688e-02  8.56512963e-03  8.00452648e-03
  2.63085838e-03 -1.32352049e-03 -1.23744146e-02 -1.24664563e-02
  1.93182846e-02 -1.19477465e-02  9.24243370e-03  9.47491888e-03
 -4.96446955e-04 -3.07839066e-02  1.19323488e-02 -8.80064472e-03
  5.23950077e-03 -3.49973548e-02  8.10591937e-03 -4.37599924e-03
  4.31708272e-04  6.14999277e-04  2.51004045e-02 -1.22689379e-02
  7.36532110e-04 -2.42961327e-03  4.26970632e-03 -9.65538722e-03
 -1.57807166e-03 -1.72918005e-03 -7.58128056e-03  1.63883541e-02
 -1.22437907e-03 -1.51632583e-02 -1.53016426e-02 -2.98054840e-03
 -1.13028548e-02  1.07575133e-02  5.26064880e-03 -1.09912981e-02
 -2.53634224e-02 -1.62052315e-02  2.33693211e-02  8.70420180e-03
  3.06902302e-04 -2.41989087e-02  2.63597929e-02  1.98222802e-02
 -3.07197586e-03 -8.12410434e-03 -1.90765215e-02  8.74715547e-03
  1.16584195e-02 -1.89428591e-02  7.23225307e-03  1.82281395e-02
 -9.41813752e-03  2.37124843e-03  9.98416229e-03 -2.97955755e-03
  1.53942351e-02  1.03658557e-02  1.68506719e-02  3.03112063e-05
  5.85875481e-03  4.63254682e-03 -1.44268037e-02  7.06056888e-04
 -1.70342913e-02 -1.60579493e-02 -9.95905629e-03 -9.86871400e-03
 -7.04979804e-03 -6.43694487e-03 -5.85411998e-03 -2.86266312e-03
  2.51193269e-02 -6.04641831e-03  1.94045232e-02  2.78873355e-02
 -5.58061138e-03 -1.72500844e-02 -2.31959122e-03  1.01813416e-02
  6.81015499e-03 -3.46929491e-03  2.63099451e-02 -6.32647184e-03
  6.45817427e-03 -4.47669735e-02  7.62060999e-03  3.02835584e-02
  3.62554180e-02 -7.84988732e-03 -2.22417233e-03 -1.47279611e-03
  9.98230010e-03 -9.77023009e-03 -3.11608611e-02 -1.96168695e-02
  8.29948461e-03 -1.20601332e-02 -7.78701073e-03  3.80783717e-03
  1.15768484e-02  1.83112088e-03  3.34744918e-03  1.31766289e-02
 -1.08610623e-02  2.40157438e-03 -1.15016174e-02  1.42435241e-02
 -8.22130829e-03 -1.56723171e-02 -7.92020858e-04 -1.34736165e-02
 -1.37357046e-02  7.79230984e-03 -1.73788519e-02  2.46699054e-02
 -4.57187722e-03 -1.10542003e-02 -1.87908251e-02  1.97272320e-02
  3.48859379e-03  1.68320076e-02  1.08456774e-02  1.55569771e-02
  1.71843631e-02  1.32810349e-02  6.21530454e-03  2.00786877e-02
 -2.87627433e-02  1.61638094e-02  1.80052268e-02 -4.60496326e-04
  1.63436917e-02 -1.05275415e-02  1.43706113e-02  1.22607305e-02
  1.49707533e-02  1.93207051e-02  8.57761350e-03 -1.10241298e-02
  2.34658618e-02 -2.84405731e-02 -8.34120759e-03 -8.83104831e-03
 -5.08561450e-03 -2.52927172e-03 -1.19934554e-02 -1.65310828e-02
 -4.22928230e-03 -2.67717674e-03  3.30385583e-02  1.69471899e-04
 -1.04075416e-02  2.25513738e-02  1.15176411e-02 -1.40343822e-02
  8.14271364e-03 -1.04023262e-02 -1.10435632e-02  4.96442744e-03
  8.91096799e-03  1.70380279e-02  1.56930390e-02  2.03710102e-02
  1.33300780e-02  1.69773446e-02  6.07728199e-03  6.71862309e-03
  5.97828591e-03  2.45894747e-02 -5.02897599e-03 -1.69090118e-02
 -1.53121083e-02  5.20990292e-03  9.83583174e-03 -1.82894770e-02
 -4.72743837e-03  2.39741189e-02  1.73729936e-02 -1.22731474e-02
 -1.06828092e-02 -8.03729724e-03  8.50727573e-03  1.76475143e-03
  3.76122812e-03 -2.18571727e-02 -1.18343372e-02  7.31599922e-03
 -5.52820932e-03  1.68957642e-03  5.48947024e-02 -1.65186747e-03
 -1.04630026e-02  5.93496286e-04  8.22825601e-03  1.45038939e-02
 -2.11320872e-03  6.44173400e-03  5.86030493e-03  4.08194925e-03
 -1.33746349e-02  1.25952430e-02 -1.16008570e-02 -3.21611294e-02]