error: 124.77371425213892
lstsq error: 90.8337995556563
GPU1 error: 122.82445530120378
GPU2 error: 124.77371425213892
optimal x: [-4.42302010e-02  3.79321436e-02 -1.13119200e-02  1.14975630e-02
  3.34142908e-02  1.68574959e-02  6.22364496e-02  1.63532743e-02
  1.13642179e-02  1.76564975e-02 -2.60937915e-02  1.06707097e-02
  3.32064801e-02 -3.52888164e-05 -4.70384507e-02 -2.18729501e-02
  2.03667184e-02  1.70091327e-02 -1.94876913e-02 -3.78571168e-03
  5.15585398e-02 -7.76529844e-04  1.13756708e-02  1.54584058e-02
  1.71410484e-02 -1.31175941e-02 -1.84408184e-02  2.66655861e-02
 -4.21255896e-02 -7.35342005e-04 -1.97519718e-02  2.50159391e-02
  4.43119526e-02  3.55065196e-02  3.03945112e-02 -1.51962383e-02
 -4.19338049e-02  2.85278848e-02  5.41162664e-02 -6.27149181e-03
 -2.31031586e-02  2.13971591e-02 -4.59126480e-02 -3.25405513e-02
  4.36985942e-03  5.30475921e-02 -1.48326916e-02 -6.82024506e-03
 -1.29370657e-02  2.29388973e-02  5.13404712e-02 -7.44155738e-03
  2.95224843e-02  3.24046227e-02  1.80653091e-02  5.44467639e-02
 -2.86833553e-02  4.78091449e-02  2.58527471e-02  1.91631200e-02
 -3.79013380e-02  2.33805412e-02 -9.81243903e-03 -3.89752391e-02
  1.37894393e-02  4.81095106e-02  2.36776977e-02  2.83348831e-03
 -1.02213198e-02  7.13444758e-03  3.43694136e-02 -3.82028054e-02
 -8.08690714e-03  2.40493837e-02 -3.47926260e-02  3.50318739e-02
 -5.76499269e-02  3.94010897e-02 -4.97400728e-02 -2.20910866e-02
  2.61150948e-02 -1.50195173e-02  2.79390674e-02  3.14287617e-02
  8.20448662e-03 -1.86961292e-02 -1.49060971e-02 -7.48626420e-03
  3.98238433e-02 -9.04951694e-03  2.72392398e-02 -6.21304755e-03
 -1.99988642e-03 -2.46358250e-02 -3.03311669e-02  1.89571693e-02
 -4.51935229e-02  2.14217735e-02  3.74607075e-02 -1.76624215e-02
  1.77154769e-02 -3.23095096e-02 -3.69767422e-02  6.44584064e-03
 -3.11218621e-02 -3.24853402e-02  2.95066213e-02 -1.74267900e-02
  3.29430700e-02  2.86345373e-02 -1.77436665e-02 -5.51926021e-02
 -2.35907201e-02  2.66545664e-03  2.83759772e-02 -5.63680120e-02
  5.87601602e-03  9.07430388e-03  8.12837873e-02  3.13558159e-02
  2.57154079e-02 -1.08749263e-02  1.81113376e-02 -9.11518989e-04
 -2.36236383e-02 -2.83440196e-02 -3.10687335e-02  2.18024338e-02
 -2.83669071e-02  1.85262157e-02  2.17276930e-02 -1.05227615e-02
  6.97814314e-03 -2.27350155e-02 -2.69735344e-02 -3.83026528e-02
 -3.84148687e-02  2.09563491e-02 -4.16711630e-02 -7.98253917e-04
  2.84320422e-02 -2.84116142e-02  3.82092863e-02  4.98669341e-02
  5.58344390e-02  3.24503311e-02 -2.35154959e-04 -3.13308778e-02
 -1.07451378e-02  1.27289826e-02 -1.81211205e-02 -1.77670260e-02
  1.44432128e-02 -2.23414572e-02  4.96424153e-02 -1.12517026e-02
 -2.16707521e-02  3.18413822e-02 -4.48962437e-02  2.18522700e-02
  3.55865720e-02 -1.76028411e-02  1.18511236e-02 -1.02631645e-02
 -2.10623147e-02  4.22946690e-03 -2.03182145e-02  2.16958959e-02
  2.07310488e-02  1.03077212e-02  3.62710886e-02  4.12272899e-02
  2.24550777e-02  2.93407190e-02  3.68218749e-02  5.59626994e-02
 -3.67621649e-02 -3.85527825e-02 -9.92566281e-03 -3.01143262e-02
  1.01786849e-02  1.02652091e-02 -2.94915635e-02 -7.99383322e-03
 -3.07343048e-02  8.21197973e-03  5.23848060e-02 -2.17805143e-02
  2.25956992e-02  3.61886719e-02 -6.54459645e-02 -8.90875545e-03
 -3.50130954e-02  1.70322467e-02 -1.22645170e-02  7.52481481e-03
 -3.35892071e-02 -1.91967107e-02 -1.41274225e-02  1.94602200e-03
 -3.18273202e-02 -3.65026366e-02  4.58675500e-02 -3.69102885e-02
  1.01888136e-02  2.73171585e-02  3.75251142e-02 -2.88165608e-02
 -3.12576353e-02 -4.28422955e-02  8.41604344e-03 -2.02507345e-02
  3.91654099e-02  3.71118812e-02  5.93333597e-02  2.90741267e-02
  2.53726493e-02 -1.50119831e-02  6.42482356e-02 -5.12934425e-02
 -1.07636989e-03 -2.59753942e-02 -1.32203849e-02 -1.87795861e-02
  1.04768981e-02  4.11110188e-02 -2.00133985e-02  2.05270167e-02
 -3.01215007e-02  1.87039185e-02 -4.30104721e-02  5.30393013e-02
 -1.39360415e-02  6.76319147e-03 -3.75760899e-02  1.14898644e-02
  5.17724043e-04  2.47319806e-04 -3.46187265e-02  1.39014491e-02
 -1.13631403e-02 -2.66844733e-02 -8.31217242e-03 -4.28226733e-02
  3.08153975e-02  3.36443097e-02 -3.24372219e-02 -1.66110941e-03
 -2.26123019e-02 -3.28825316e-04  1.76409002e-02 -3.23863761e-03
  1.79661971e-02  4.70377830e-03 -2.27122638e-02 -3.36050025e-03
 -2.35630925e-02 -3.57348915e-02 -3.73579618e-02 -1.94867462e-02
  4.73153210e-02  1.67145019e-03  3.56028909e-02 -2.75597094e-02
 -4.12957873e-02 -3.38197357e-02  3.24416604e-02  3.98682189e-02
  6.40942994e-02 -6.47584354e-03  2.45038603e-05  6.10515378e-02
 -1.77028849e-02  4.24577808e-03  4.24572363e-02 -3.29215036e-02
  3.17278559e-02 -2.01939896e-02 -4.60084186e-02  3.95764585e-02
  2.99342525e-02 -1.91200622e-03 -2.78724844e-03  1.28682746e-02
 -4.32761446e-03 -1.64995998e-02 -3.37822566e-02  4.02947050e-02
 -1.79925217e-02 -3.51777215e-02 -1.42630223e-03 -3.32123321e-02
  2.45229964e-02 -1.68604986e-02 -2.82801106e-02 -2.37266484e-02
 -1.05361113e-02  1.26765702e-02 -2.04078335e-02  1.67138292e-02
  3.41658761e-02 -8.65981200e-03 -2.63474615e-02 -2.46849219e-02
  3.71896045e-02 -1.60186317e-02  3.94089085e-02 -4.71480246e-02
  3.49987721e-02 -1.72151321e-02  1.37812474e-02  4.57862894e-02
 -1.15746109e-02 -6.15997374e-02 -1.74191396e-02  2.14934583e-02
 -5.22384723e-03 -9.88193308e-03 -2.64660636e-02  3.07056983e-02
 -4.67833418e-03 -9.33072377e-03  5.57707996e-03 -2.99622277e-02
  2.21728076e-02 -4.22998391e-02 -5.24479966e-02  2.92059094e-02
 -1.49819572e-02 -2.73954468e-02 -1.80022062e-02  4.39198442e-02
 -5.01191531e-02  3.78668428e-02  1.69296045e-02  6.71600289e-02
  2.14339801e-02  5.11374276e-04 -6.48991113e-02 -3.53166425e-02
 -3.80161991e-02 -4.79693086e-02 -3.49958868e-02 -1.69877596e-02
 -1.33278257e-03  4.08923404e-02 -3.70725639e-02 -1.88380434e-02
  1.68847911e-02  2.07499439e-02 -5.18235283e-02  3.98058488e-02
 -9.60606526e-03 -5.26990826e-02  1.28270074e-02 -2.29381847e-02
 -2.39944855e-02 -1.99231895e-02  2.31959753e-02  2.55210728e-02
  2.02749494e-02  2.18695643e-03  2.37604830e-02  2.53592666e-02
 -6.12847097e-03 -3.31505907e-02  3.34571104e-02 -4.04497219e-02
  3.69696944e-02  7.29482796e-04  8.01119168e-03 -3.63051298e-02
  2.30937627e-02 -5.71467325e-04 -8.90240544e-03 -1.30779251e-02
  3.00491429e-02  2.41409138e-02 -4.70055180e-02 -2.96901163e-02
 -5.94056916e-04  2.75730196e-02  2.78951828e-02 -1.77908077e-02
  2.26867637e-02  5.17071108e-02  3.81450838e-03  4.90967649e-03
  9.30504282e-04  3.59504655e-02  5.64762834e-03  2.70650752e-03
  3.65271147e-03  1.77702771e-03 -4.87626114e-02 -1.45355713e-02
  5.77331448e-02 -1.97656782e-02 -9.09486781e-03 -1.26898990e-02
  8.60659423e-03 -3.26073145e-02  3.06147134e-02 -6.10948160e-02
 -1.31941697e-02  2.97454226e-03 -4.96147574e-02 -3.54046449e-02
  3.76451848e-02 -1.88586620e-02 -1.40464771e-02 -4.36910443e-02
  4.64500028e-03  4.61715086e-02  3.97394111e-02 -9.17309204e-05
  7.64403758e-03  1.17326937e-02  1.77056162e-02 -4.35835975e-02
  4.36051497e-02 -1.45720339e-02 -2.59026946e-02 -1.56281444e-03
  4.94953248e-02  3.02820375e-02 -7.10211631e-03  2.83445443e-02
  2.58319086e-04 -3.58752477e-02 -2.57502566e-03  3.84446029e-02
  2.04507680e-02  1.31092235e-02 -1.53833808e-02 -4.29866886e-02
 -3.51369463e-02  7.34074558e-03  3.27614754e-02  1.81557235e-02
 -2.86516101e-02 -5.13320308e-02 -3.75962746e-02 -1.29231276e-03
  1.86361167e-03 -3.44131863e-02 -2.54749072e-02 -3.10190336e-02
 -2.03276148e-03 -3.13586003e-02  4.93857118e-02 -1.63610622e-02
  1.06294874e-02  1.32566399e-02  3.22424417e-02 -1.37580048e-02
  8.45388476e-03 -3.38870081e-03  1.76340606e-03  4.11008445e-02
  9.93969837e-03  1.53491182e-02  3.26655341e-02 -3.41099830e-02
 -2.12666965e-02  3.06047116e-02 -2.94483514e-02  8.01996468e-03
  2.63411729e-02  4.94834051e-02 -2.43094718e-02  3.38028444e-02
  8.32624197e-03 -2.87987576e-02  2.10561986e-02 -7.36354983e-03
 -1.01172364e-02 -1.79098707e-02  4.34789127e-02 -7.60207521e-03
  2.66135812e-02 -4.00266720e-02  7.52424148e-03  6.97481901e-03
 -7.71123183e-04 -2.17815163e-02 -1.66979730e-02  2.43904209e-02
 -3.05151361e-02  3.71738248e-02 -5.40277452e-02 -1.54224845e-02
  1.79125731e-02 -5.91870371e-02  2.67141912e-03 -5.58707144e-03
  6.38861263e-02 -1.75259477e-02 -5.15578485e-02  1.53585691e-02
 -3.08897033e-02  9.06592191e-03 -2.46604874e-02  2.11783324e-02
  3.92743933e-02  4.45034573e-03  1.24368865e-02 -3.39872836e-02
  3.54551853e-02 -1.74786632e-02  4.58881706e-03 -1.24870181e-02
 -1.29262772e-02 -3.80904697e-02 -4.41693687e-02  3.79767564e-02
  1.63636169e-02 -1.13050041e-02 -4.51022040e-02  3.08296777e-02
 -4.44669587e-02 -6.94052618e-03 -1.48690448e-02  1.69841450e-02
  2.44224293e-02 -1.58857749e-02  1.10278051e-02  2.32735163e-02
 -7.89419080e-03  3.63025521e-02 -4.47399919e-02  1.22342285e-05
  1.17662395e-02 -5.32546304e-02  3.93797000e-02 -8.55944362e-03
 -9.92216218e-03 -5.58416611e-02 -3.62417422e-02  2.54215510e-02
 -6.86526595e-02 -2.46707698e-02 -6.79328594e-03  2.19354961e-02
  1.82920230e-04 -2.43533915e-02 -4.37025291e-02  2.65014234e-02
  3.84066059e-03 -1.08959087e-02 -5.34759654e-02 -6.06453164e-02
  4.96636357e-02  4.96350779e-02  4.62890831e-02  4.63132577e-02
  4.75190947e-02  1.85938664e-03 -1.93102585e-02  1.42365889e-02
 -3.75884268e-03  2.30394792e-02  2.01221302e-02  3.13719710e-02
 -1.68140799e-02  1.78796496e-02  2.26391479e-02  4.57427425e-02
  6.44155744e-03  2.71384133e-02 -3.00739530e-02 -8.85865433e-03
  4.94301890e-02  2.43960368e-02 -1.24353510e-02 -2.82763906e-02
  4.50980032e-02 -1.08696558e-02  1.20826141e-02 -3.20947666e-02
 -8.92067944e-03 -4.90609955e-02  2.74476416e-03  2.35667571e-04
 -2.39583304e-02  5.32246526e-03  3.83126793e-02  1.26096751e-02
  1.99789378e-02  2.79120278e-02  3.57144093e-02 -3.23621181e-03
 -5.27178309e-03 -6.25674426e-02  9.09265623e-03  3.47290771e-02
 -2.81328381e-02  2.74477510e-02 -2.77531402e-03 -1.33765380e-02
 -4.16877131e-02  2.28711786e-02 -3.38864693e-02  2.68172235e-02
 -3.03856647e-02 -1.89049914e-02  5.33510869e-02  1.74856425e-02
 -7.94829692e-03 -6.75038002e-03 -4.74569945e-02  4.93967363e-02
  3.01401199e-02  1.30445556e-03 -6.22921228e-03 -6.04427095e-02
 -3.11945363e-02 -2.16451848e-02 -1.88876604e-02  4.22537101e-02
 -7.51288256e-03 -5.93732392e-04  1.32942510e-02  1.04603315e-02
  5.79666544e-03  3.56636005e-02 -2.95355794e-02 -1.04900271e-02
  1.90313103e-02  2.72163394e-02 -1.71442127e-02 -2.37180648e-02
  3.42651923e-03  2.50032654e-02  1.41129384e-02  5.12706598e-02
 -7.49183803e-03  3.50179954e-02  4.45991522e-02 -1.42414510e-02
  3.42127641e-02  2.21990066e-02  2.48963392e-02 -2.00906920e-02
  2.62793874e-02 -6.86348879e-02  6.86162898e-02  1.66980864e-02
 -2.33798783e-02  1.18587292e-02  1.72594297e-02  6.82041141e-03
 -1.94176091e-02 -4.01115710e-02 -2.90188868e-02 -2.33089371e-02
  2.74987317e-02 -1.72037615e-02  1.13721511e-02  3.78447336e-02
  1.37272960e-02  4.25570616e-02  4.75818511e-02  6.51868391e-03
 -3.44769528e-02 -1.37707958e-02 -5.19146161e-02 -5.60157586e-02
  5.22620024e-02  2.71183664e-02  1.31941056e-02  2.79313027e-03
  4.46450477e-02 -5.78906235e-02 -2.26001381e-02 -3.11647308e-03
  2.04817264e-02  1.88422614e-02  4.49432219e-02 -3.22813590e-02
 -4.35974491e-02 -7.60110986e-04  1.59096436e-02 -1.18814734e-02
  2.42563896e-02 -2.02723087e-03 -2.41957834e-02  6.83512034e-04
  2.25575184e-02  1.74550526e-02 -2.65061668e-02 -5.27543124e-02
  2.35895123e-02  4.85358900e-02  1.23640208e-04 -2.08624472e-02
  3.26575895e-02 -1.91106022e-02  9.35417653e-03  2.67406737e-02
 -2.12151589e-02  9.23998983e-03 -3.62916204e-02 -4.43088209e-02
 -5.82921509e-02 -2.79831495e-02  2.07570525e-02  2.57168103e-02
  3.38899219e-02  5.82503986e-03  2.36427664e-02  6.86215205e-03
 -3.70514994e-02 -5.01814831e-02 -4.80977434e-02  2.01842047e-02
 -3.56240976e-02 -2.02892833e-02 -6.97363988e-03  6.48381263e-03
 -3.55148919e-02  6.08335205e-02  3.17673264e-02 -4.57833206e-02
 -5.40990925e-02  6.24440343e-03  5.48659028e-03 -5.23497573e-02
 -3.03173420e-02  1.16767002e-02 -7.65877892e-03 -2.67436794e-02
  2.02007562e-02 -8.29779220e-04 -3.96388643e-02 -3.56754901e-02
  5.23073583e-02  4.05661048e-02 -4.69746124e-02  4.53787377e-02
  3.37785907e-02  1.30996031e-02  9.48370784e-03 -3.00839645e-02
 -2.54565327e-02  6.29589341e-03 -7.43839484e-03 -6.05170543e-02
  2.17476429e-02 -6.17245506e-03 -1.12887155e-02 -6.14449892e-03
  2.37517396e-02 -3.19691471e-02 -2.87400601e-02 -7.50721615e-03
 -3.89908214e-02 -3.00758283e-04  6.05768400e-03  3.61628466e-02
  1.17281961e-02  2.14283288e-02  1.72786337e-03 -5.32618196e-02
 -5.47971157e-02 -1.47259596e-02  4.10123897e-02  5.69161202e-02
  2.66778603e-02  3.05614001e-02 -8.14533827e-03 -1.47323781e-02
 -1.37381261e-02  3.40180583e-02 -3.87811664e-02 -3.43026942e-02
  6.53744049e-03  3.03079785e-02 -4.98369708e-02  6.36940267e-03
 -1.68819274e-02  5.05797745e-02 -2.58253375e-02 -1.89572216e-02
  1.55303118e-02  4.72970588e-02  2.19639831e-02 -4.42424537e-02
 -4.88181960e-02  4.42261520e-02  1.07375868e-02 -7.97868084e-03
  5.31084894e-03  1.08230205e-02 -3.29410449e-02 -6.19290723e-03
 -4.54544143e-02 -2.18746419e-02 -1.93499563e-02  4.30966499e-02
 -9.51067605e-03 -8.90043371e-03 -3.79701983e-02 -7.28573280e-04
 -2.75175201e-02 -4.77685528e-02  3.42019078e-02  1.24712492e-02
 -3.13683432e-02  6.68891875e-02  2.31756752e-02  2.31225685e-02
 -2.50415666e-02  3.08797133e-02 -2.35865447e-02 -4.95738009e-03
  5.66006242e-02  3.35947802e-02 -4.88981678e-02  1.30222090e-02
 -2.16603795e-02  8.24414576e-03  3.86030430e-02  4.32402204e-02
  4.62717734e-02 -1.25620375e-02  1.39521818e-02 -1.31338936e-02
  1.16395666e-02  5.26971687e-02  2.86038166e-02 -1.89683117e-02
  2.49805596e-02 -4.69346232e-02 -2.03065945e-02 -4.56815568e-03
 -2.90442708e-02  1.88296107e-02  3.67329909e-02  5.20887730e-02
 -2.36966427e-02  1.63837991e-02 -1.72997729e-03 -1.48860991e-02
  2.82484289e-02  4.57533052e-02 -1.71434098e-03 -1.34476637e-02
  3.64066187e-02  2.86575229e-02  4.03917425e-02  4.69505663e-02
  5.21128735e-02  5.94745127e-02 -1.76709441e-03 -3.68079415e-02
  2.59981123e-02  5.80365528e-02 -1.32761429e-02 -3.06414048e-02
 -1.49422564e-02 -3.29114450e-02 -2.38052384e-02  3.79740662e-02
 -1.50061931e-02 -2.57923335e-02 -3.36302726e-03 -2.49290658e-02
  6.16479201e-02  4.39848965e-02 -1.28611605e-02 -1.45002996e-02
 -6.59234423e-03  4.39896211e-02 -2.55202185e-02 -4.30390728e-02
  3.80355895e-02  2.14352333e-02  5.17093884e-02 -1.35140990e-02
  1.23046921e-02 -7.85727518e-03  1.15314164e-02 -1.97351467e-02
 -2.03032595e-02  1.65508745e-02 -2.51006525e-02  2.91574136e-02
  3.74405768e-02  5.34981345e-02 -1.13829387e-02 -1.95366831e-02
  2.93438119e-03  2.93890265e-02 -1.00632732e-03 -2.08347252e-02
  2.46065454e-02 -4.87259278e-03 -1.81682718e-02 -3.78405956e-02
  2.09277736e-02 -2.55886208e-02  4.91828315e-02 -1.68794268e-02
 -2.59928003e-02 -4.59630989e-03  3.98297581e-02  3.30245158e-02
  3.71609187e-02  6.06034193e-02 -6.77692908e-02  4.90149725e-02
 -4.03862441e-02 -3.00100742e-02  2.52784480e-02 -1.03268114e-02
 -3.10122808e-03  3.31663900e-02  3.29453170e-02  7.95272471e-03
 -3.09591879e-02  2.25892559e-02  6.57847009e-02  2.56889220e-02
 -2.16892981e-02 -2.90870576e-03  4.50436046e-02 -3.43746453e-02
  5.42618667e-02  4.52834252e-02 -2.27035248e-02  3.57260560e-02
  2.41471182e-02  2.49500199e-02  3.16870559e-03 -4.20428210e-02
 -1.22478430e-02 -1.56871307e-02  4.74642527e-02  3.68439647e-02
 -1.58513740e-02  8.91002357e-03  8.82635371e-03 -4.38526065e-02
 -2.69478457e-02  3.40903639e-02  2.98979127e-02  3.16947076e-02
 -2.19302440e-02 -7.14091307e-03  9.71841173e-03  1.51793633e-03
  4.09623986e-02  5.11813037e-02  2.60153653e-02 -7.86504245e-03
  1.26548905e-02  4.03360867e-02  4.37294956e-02  2.32303799e-03
  5.87051694e-02 -5.31926685e-02  1.56719045e-02 -2.14749945e-02
 -1.35715828e-02  2.89217248e-02 -1.60887390e-03 -1.55889078e-02
  3.84534626e-02 -4.80102496e-02  2.03469490e-02 -2.28814517e-02
 -2.09533930e-02 -2.11609638e-02  2.83524596e-02 -2.03356908e-02
 -3.91717610e-02 -5.17817854e-03 -5.54961828e-02 -2.15249156e-02
 -3.78458983e-02 -3.83556428e-02 -1.92605713e-03  3.00203975e-02
 -3.35021469e-03  3.56117022e-02  4.38940889e-02 -1.86385784e-02
  5.90843616e-02 -1.62026397e-02  5.29812491e-02  3.96795814e-02
 -5.71661181e-02 -1.25115854e-02  2.51048980e-02 -4.00325415e-03
 -2.08003607e-02 -1.13748580e-02  4.49963551e-03  3.67234338e-02]