error: 62.05344030560634
optimal x: [-3.93896743e-02  2.45951057e-02  7.18019150e-02 -1.98371896e-02
 -9.87640627e-02  6.44443898e-02  1.85098354e-02  6.78026736e-02
  5.11517740e-02 -1.12579341e-01 -1.09601801e-01  2.02053859e-02
 -5.47842429e-02  3.49777597e-02  1.01547900e-02  2.07681079e-02
 -6.57411882e-02 -1.07413917e-02  7.28141689e-02 -2.81213375e-02
 -1.47827205e-01 -4.29647457e-02 -9.29501827e-02 -1.18995402e-01
 -6.14744260e-02 -4.93697000e-02  2.29943144e-02  6.90976171e-02
  6.16123092e-02 -1.29615396e-01  2.52842754e-02 -5.11789968e-02
  7.84546627e-02 -8.70759457e-02 -8.22437879e-02 -1.54061959e-02
 -1.10562774e-03 -6.45111766e-02  2.60952890e-03  9.34678366e-03
  1.38336439e-01 -8.61190571e-03 -1.12218864e-01 -1.08071069e-01
 -1.22947991e-02  1.24133002e-01 -2.93617115e-02 -8.80574313e-02
  1.56895484e-02  5.44069303e-02 -4.21730918e-02  6.03503798e-02
 -9.48089989e-02 -4.46580004e-02 -7.49033985e-02  3.08871660e-02
  5.50521526e-02  1.11312830e-01 -1.20415470e-02  1.06252094e-01
  4.11928165e-02  2.59331372e-02 -4.86710370e-02  1.17203260e-01
  2.28176104e-02 -1.49947483e-01 -2.87249059e-02 -2.14908091e-02
  2.27671932e-02  1.16493551e-01 -1.39880222e-02  8.61682197e-05
  7.96179204e-02  6.30021196e-02  8.44818645e-03 -6.67498015e-02
 -9.45430788e-02  4.70229537e-02  3.11269970e-02 -9.90482719e-02
 -5.55665231e-02 -5.96365267e-02  4.49163824e-02  1.45020029e-02
  9.65482959e-02  5.61217415e-02 -8.51487472e-02 -3.36667972e-02
  6.65729034e-02  1.10377198e-01 -1.37537870e-01 -1.55796894e-02
 -1.66881161e-02  8.45944057e-02 -4.14748960e-02  5.31420586e-02
  1.09263266e-01 -6.52572249e-02  6.55711045e-02  7.89074672e-02
  6.80887776e-02 -3.54419365e-02  4.54920446e-02 -7.19408738e-04
  2.27154280e-02  6.05071841e-02 -6.55538515e-02 -7.61359489e-02
 -1.29836887e-01  3.09344031e-02 -6.20670719e-02 -5.41022127e-02
 -8.94919534e-02  5.03899588e-02 -7.14103056e-02 -2.00040423e-02
 -3.64128204e-02  1.03829427e-01 -8.49343515e-02 -7.46299128e-03
 -2.92398311e-02  6.21836274e-02 -7.02479813e-02  5.98693086e-02
  5.16928588e-02 -1.19753988e-01  3.28059065e-02 -8.75107036e-02
  2.36813671e-02 -1.82424284e-02 -1.82569666e-02 -1.05412722e-02
  8.25257526e-02  4.68492159e-02  4.23950536e-02  1.08234308e-01
  2.72358486e-02 -1.52416357e-01 -1.24417069e-01  2.82058176e-02
 -5.87918334e-02  1.26772099e-01  1.06136101e-02 -1.36058911e-02
  1.59122592e-01 -4.19697836e-02  9.87041212e-02  1.02249626e-01
 -3.14713003e-03  6.19449588e-02 -7.68507917e-02  4.29270351e-03
  6.20941904e-02 -3.37635793e-02  1.70068145e-01  7.42742694e-03
 -1.16697910e-01  6.67564793e-02  2.48727380e-02 -1.01560791e-01
  8.29563895e-02 -8.62994409e-02 -2.89038106e-02  1.01816923e-01
 -1.15105086e-02 -9.74923645e-03 -5.50288548e-02 -2.89913901e-02
 -4.96679196e-03  4.22708387e-03 -1.07870419e-01 -2.62195052e-02
  1.02042261e-02  1.01746670e-01  1.21183973e-01  5.09645423e-02
  6.34517541e-02  2.67368717e-02 -4.15607713e-02  8.11934587e-02
  9.56382960e-03 -8.02227139e-02 -1.28996221e-01  3.47225231e-02
  9.08446199e-02  7.18054486e-02 -8.71531151e-04  2.85181554e-02
  5.08481657e-02 -6.87534968e-02 -1.67626486e-03 -5.81962265e-02
  1.06632432e-02  7.25719942e-02  1.63636351e-02  9.89992737e-02
  1.11203566e-01  9.14753354e-02  4.19689762e-02 -6.72278549e-02
  2.65040099e-03  7.11976276e-02  3.12152776e-02  3.45092360e-02
 -1.12055293e-01  7.89650863e-03  1.76187914e-02 -7.01780148e-02
 -4.33168792e-02 -7.49559838e-02 -1.93773932e-02 -4.20219087e-02
 -6.78115960e-02 -3.36612836e-02  3.21783796e-02 -1.03328894e-01
  8.90795863e-02  1.31690690e-01 -2.47428023e-02  1.37556633e-02
 -6.04753662e-02  1.29472898e-01  7.18467987e-02 -3.18741235e-02
  4.15678287e-02 -8.11472100e-03  9.62168918e-02  9.25774484e-02
  1.23701099e-02  1.42517561e-01 -5.34312118e-03 -9.51445141e-02
  1.09519548e-01 -8.97518993e-02 -6.60323234e-02  1.03069598e-01
 -3.24822050e-02 -1.34439798e-01 -5.35488857e-02  3.39046262e-02
 -1.58876036e-02  1.46394624e-01 -2.58203814e-02  1.03217115e-02
  1.80124610e-01 -4.10206658e-02 -1.69037044e-03 -7.26175779e-03
 -9.00290052e-02  8.61933584e-02 -7.92854196e-02 -6.03398723e-02
  8.87462220e-03  3.09325122e-02 -6.64390564e-02  7.71929077e-02
  5.53335120e-02  3.04975361e-02  8.05411506e-02  5.69830253e-02
  7.02901938e-02  1.19736809e-01 -7.70451385e-02  6.15312934e-02
 -2.58533380e-02 -4.96817389e-02 -1.86337948e-02  6.37801993e-02
  1.20680741e-01 -8.40498493e-02 -2.36947847e-02 -7.84201777e-02
 -4.65251813e-02  4.68062147e-02  2.25028081e-02  3.44230946e-02
  4.73030351e-02  3.76475076e-02 -9.96183549e-02  8.64716758e-02
 -1.73548261e-02 -1.15882580e-01 -9.54335068e-02 -6.29121293e-02
 -7.76382968e-02  1.92891695e-02  5.49402706e-02 -1.25334055e-01
  1.04176255e-02 -1.16173605e-01 -3.11371723e-02 -6.22447199e-02
 -4.26282089e-02  9.76608223e-03  3.19051891e-02  8.29415072e-02
  1.15196914e-02 -5.89691295e-03 -7.91287864e-02 -2.14749401e-02
  2.83907131e-02  4.95159088e-02 -1.63991807e-02 -2.87110566e-02
  5.95697022e-02 -3.32927292e-02 -1.08713506e-01  9.01390796e-04
  1.52266897e-02  7.10532806e-02  2.37037819e-02  7.71239880e-02
 -9.96391342e-02 -7.22680550e-02  6.92519182e-02 -1.47054456e-02
  2.52255593e-02  5.60488628e-02 -1.19734728e-01  8.78466732e-02
  6.97712767e-02 -6.29814392e-02 -3.64121693e-02 -4.78776997e-02
 -6.33728875e-02  9.58308875e-02 -9.37959529e-03 -1.82072651e-02
  6.23228757e-02  9.57504968e-02  2.94041794e-02  6.62967422e-02
  1.46369818e-02 -1.03819373e-01 -1.52423066e-02 -1.40976724e-01
 -2.13166216e-02  4.65327713e-02 -1.17577596e-02 -3.37305021e-02
 -2.95635825e-03 -1.31068287e-02  7.42609205e-02 -8.81818911e-02
 -2.47107242e-02  4.63882493e-02  2.06252163e-02  1.22435375e-01
 -5.91234138e-02 -1.27311173e-01 -8.60321564e-02  5.34351412e-02
 -1.15177540e-02  1.36044398e-01 -1.60073091e-02  4.48286081e-02
 -5.01822317e-03  1.39069107e-01 -7.54510601e-02 -6.34147727e-02
 -9.37486750e-02  2.05059482e-02 -8.97802823e-02  1.28842756e-01
 -8.68614843e-03 -1.09084420e-01 -7.87120635e-02 -4.04955257e-02
  6.42379689e-02 -3.75942029e-02  3.43188055e-02  3.29317533e-02
 -2.61436988e-02 -1.27978303e-01  9.73193837e-02  8.62756804e-02
 -4.49677471e-02 -7.32834858e-04 -3.07568612e-02  9.58880458e-03
  8.47455899e-03 -1.34512246e-02 -7.33828215e-02 -4.97077471e-03
 -3.81919401e-02  4.88083032e-02 -8.09774768e-02  3.61489717e-02
  1.03749393e-02  4.19730603e-02  9.45413721e-03 -6.70362906e-02
  6.41318522e-02  4.98465993e-02 -4.94278576e-02  2.33763941e-03
  1.94449154e-02  1.22638780e-02 -5.01778581e-03  3.40657455e-02
 -9.83714249e-02  2.85924983e-02  1.85674343e-04  5.32925361e-02
  1.72916050e-03  7.68500461e-02 -6.37563575e-02 -5.44009884e-02
  1.54516671e-01  5.18106142e-02 -2.77740697e-02  2.05268325e-02
 -2.02232838e-02  2.95325933e-02  6.58771251e-02  1.44499176e-02
 -5.49983952e-02  7.28941880e-02  6.62401275e-02  8.40321996e-02
 -3.92032353e-02  1.24198326e-02 -6.36977793e-03 -2.70760133e-02
  1.84327150e-01  2.40918258e-02 -2.62863615e-03 -1.10391376e-02
  8.72034068e-03 -7.31039072e-02 -5.70032573e-02  1.37440352e-02
 -4.36068849e-02  1.82356681e-02  4.06804976e-02  6.28196872e-02
 -4.76499245e-02 -8.73763985e-02  2.65229740e-02 -1.11786067e-01
  3.11847077e-02 -5.94345023e-02  8.48672029e-03 -8.74618436e-02
 -1.05518149e-01 -1.24088436e-01 -1.85612371e-02 -2.62677166e-02
  1.52999000e-02 -5.44564833e-02 -1.89530320e-02  6.57246082e-02
 -2.32727446e-02  1.17780805e-01  7.35707439e-02  3.22072902e-02
  7.21927292e-02 -2.96796694e-02 -9.05450842e-02  8.67844346e-03
 -1.03581500e-01  1.19723224e-01  1.60513956e-02  8.76183464e-02
 -9.44576916e-02 -8.77540794e-02  4.51668469e-02 -6.88448578e-02
  9.24848774e-02  1.02801819e-01  3.64868981e-02 -1.52457907e-01
 -3.97475006e-02  6.34854404e-03 -2.35644538e-02  4.45681599e-02
  8.79710923e-03 -6.26922235e-03 -4.06959743e-03  9.81220189e-02
 -7.80810012e-02 -4.63761580e-02  1.20772356e-01  5.05299810e-02
 -8.06831944e-02 -4.23399206e-02 -8.92219476e-02 -2.53564211e-02
  9.07063791e-02  8.17676614e-02 -7.49264680e-02  9.13330796e-02
 -2.06026214e-02  4.64616657e-02 -1.19112698e-01  8.30536140e-02
 -1.54865125e-01 -9.04112095e-02  3.58851665e-02 -8.84797409e-02
  5.40239405e-02 -4.94268271e-02 -9.72209151e-02 -1.91106809e-02
 -1.20536952e-01  1.02983878e-01  7.59332308e-02 -9.54600079e-02
  4.41088451e-02 -4.49391947e-02  1.62708710e-02 -9.31906523e-02
 -1.00149000e-01  9.80182742e-02  7.21091762e-02  1.06997955e-01
 -2.20559913e-02 -8.10436305e-02 -7.60669465e-02 -2.14991621e-02
  1.48111509e-01 -8.39468787e-03  7.45346617e-02 -7.06245171e-02
  1.56221538e-01  4.40269252e-02  2.78023022e-02 -1.49558296e-01
 -7.13664944e-02  8.93718753e-03  5.48977614e-02 -2.13692271e-02
 -7.96090383e-02 -8.34190085e-02 -8.20625958e-02  5.32819605e-02
 -7.76174149e-02 -5.28717019e-02  1.09722740e-02 -5.80854370e-02
 -1.16909543e-01  1.05541443e-01  8.28651239e-02 -6.87653014e-02
  5.57923692e-02  2.37049923e-02  9.17309909e-02  5.19996094e-02
  1.57830580e-01 -2.46873047e-03 -8.49179681e-02  1.58508482e-01
 -2.31945821e-03 -3.53400632e-02  1.23755286e-01  1.09665168e-01
  4.66477962e-02  1.06951564e-01 -8.70327724e-02  2.60503581e-02
  1.45555844e-02  1.01597159e-01  7.08113610e-02 -7.01432842e-02
 -3.90505460e-02  2.59714781e-02 -8.89097241e-02 -5.25739720e-02
  2.96784553e-02 -1.24152645e-02  5.00019948e-02 -1.45979335e-02
 -1.16223216e-01 -7.41788645e-02 -5.70000826e-02  1.11381983e-02
 -6.20478880e-02  1.19424514e-01 -1.17642680e-01  9.62175368e-02
  1.03418961e-01 -4.94056550e-03  9.74199145e-02 -1.12713210e-01
  9.43445900e-02  1.07466967e-01 -2.35591925e-03  1.05582486e-01
  3.57460956e-02 -8.07268616e-03  1.06786314e-01 -1.42233638e-01
 -6.57658958e-02  6.10596362e-02  8.47819916e-02  1.38445738e-01
 -1.03727015e-01  6.11751494e-03 -4.36562870e-02 -1.94740494e-02
  8.76190370e-02 -1.03927025e-01  8.12424450e-02  1.10231108e-01
 -4.53021565e-02 -1.94882073e-02 -3.92009537e-02  3.55457585e-02
  3.24198382e-03  4.75335616e-02 -6.83639128e-02  1.13496187e-01
 -8.12135762e-04 -1.23570730e-01  6.37551444e-02 -1.57050652e-02
 -5.89833453e-02 -1.49998041e-01  8.32946971e-02  1.19300987e-01
  1.06898329e-01 -1.16594456e-01  4.95266503e-02 -5.44235121e-02
  1.46474480e-02  1.22240327e-01 -7.15510060e-02 -6.67426136e-02
 -7.65230202e-02 -5.08537843e-02 -1.22547429e-01  1.38154714e-02
 -5.58056395e-02  8.39316043e-02 -2.99344616e-03  5.78859094e-02
 -9.53539609e-02 -5.03462142e-02 -2.60500343e-02  9.23106363e-02
  1.25500411e-01 -8.90498294e-02 -6.41844390e-03 -3.39196297e-02
  7.57877931e-02  1.15862929e-01  1.03751653e-02 -3.61165124e-02
 -3.04012419e-02 -9.13999776e-02  3.99574734e-02 -2.02704264e-02
 -3.35172725e-04  5.69473752e-02  6.54581339e-02 -1.16444270e-01
  9.43201059e-02  7.92414348e-02 -5.18152287e-02 -1.64929407e-02
  1.79676008e-02  5.07190320e-04 -8.42144822e-03  1.38187590e-01
 -1.69699247e-01  1.16656699e-01  7.98304806e-02 -3.45870418e-02
  1.10180774e-02  3.21996706e-02  8.29102821e-02 -3.88572007e-02
 -5.08128779e-02  1.01556690e-01  1.30552717e-01  8.37226908e-02
 -3.46432268e-02  9.28912878e-02  5.34620043e-04  5.81892641e-02
 -7.71916504e-02 -1.07664800e-01  9.76789663e-02 -7.75330990e-02
 -3.25920944e-02  7.99133249e-02 -1.17009325e-01  8.05727405e-03
 -9.92520902e-02  2.42039798e-02  1.24631602e-01 -1.01119630e-02
 -2.84224608e-02 -2.46893999e-02  2.84457744e-02 -6.87652180e-02
  1.72133949e-02 -1.07145484e-01 -7.38029739e-02 -9.86436669e-02
 -1.10197430e-02  1.04527738e-01  7.32957144e-02 -5.02802606e-02
  7.07564904e-02 -3.50058410e-02  4.27508257e-02  5.23852453e-03
  2.44567816e-02 -3.46279976e-02  3.22165029e-02 -1.28707072e-02
  1.04868800e-01 -2.17258187e-04  7.88304275e-02 -6.00462532e-02
  9.05568740e-03 -8.13007283e-02 -1.36814468e-02  1.43275041e-01
 -8.00168424e-02  5.11473418e-02  5.18970902e-02 -6.59568969e-02
 -1.44290146e-02  1.01041849e-02  9.88716586e-02  5.30420453e-02
  1.22577177e-01  3.41056388e-02  7.57531906e-02 -4.75186245e-03
 -1.28868754e-01 -1.47601270e-01 -5.46536799e-02  4.26353498e-02
  5.04413164e-03  6.15664455e-02  1.00103463e-01 -6.81889692e-02
  1.68869666e-02  5.48468324e-02  7.70107139e-02  7.22443501e-02
  9.30690362e-02  1.47138848e-02 -1.12530861e-02  1.14391334e-02
 -1.46251252e-02  9.37843449e-02  7.08785381e-02 -8.02732485e-02
  8.71628483e-02  1.63217725e-02  5.78664359e-02 -7.58624362e-02
  1.40981171e-01 -4.54627611e-02 -1.22704763e-01  6.61685802e-02
 -2.01143397e-02 -1.25478499e-01 -7.34066120e-02 -1.21692961e-01
  6.86968758e-02 -3.66970365e-02 -8.22492615e-02 -4.42464047e-02
  1.45121016e-01  8.16998164e-02 -5.49211123e-02  8.15438300e-02
  1.04367684e-01  1.12634795e-01  2.39593015e-03  8.02749511e-02
 -8.74591993e-02 -3.90931036e-02 -2.39774417e-02 -1.11465951e-01
 -1.68119222e-02  4.74416520e-02 -7.84980788e-02  2.84163033e-02
  1.26649262e-01  6.56518606e-02 -3.49821032e-03 -2.23501195e-02
 -7.22963368e-02  1.00223658e-02 -7.13494134e-02 -1.24745521e-02
 -1.54825170e-02 -4.00026452e-02  2.26027515e-03  3.05724312e-02
 -7.95852136e-03  5.48220024e-02 -8.04216959e-02 -1.30351295e-01
  9.37304014e-02  4.40238906e-02 -3.15516495e-02 -8.92975531e-02
  2.67909327e-02 -1.12174217e-01 -7.96555728e-02 -4.95734105e-03
  1.96723340e-04  5.99021790e-02  7.62627735e-02 -8.14880895e-02
 -1.10295292e-02  3.60261154e-02 -7.42851553e-02 -8.90323054e-02
  8.16243483e-02  1.19775625e-01 -1.97826598e-01 -2.40445635e-02
  1.04371238e-01 -6.36377904e-02 -5.59391195e-02 -3.19667076e-02
 -7.40648315e-02 -5.48702676e-02  3.54410834e-02  5.31998305e-02
 -3.14371067e-02  7.30497548e-02  7.50896461e-02 -1.47915283e-02
  2.73067861e-02 -4.30327014e-02  1.32156715e-01 -7.25336903e-02
  4.63831404e-02  6.55795003e-02  7.36637758e-02 -7.48983956e-02
 -9.19364007e-02  2.64156805e-02 -3.52640699e-02 -6.35461149e-02
  7.84926425e-02  8.97957240e-02 -8.09568449e-02  6.64717445e-03
  2.28194974e-02 -1.14016323e-01 -5.72939988e-02 -3.70727669e-03
  1.13095621e-01 -7.34502375e-03 -9.41342239e-02  4.15146839e-02
  1.81970322e-02 -4.27774172e-03  1.53214839e-01  8.23360543e-02
  4.49103441e-02 -5.31304420e-02  1.22395134e-02 -2.17856575e-02
 -7.04038776e-03  6.82715843e-02 -3.40468800e-02 -5.28453452e-02
  1.93110342e-02 -4.08962579e-02 -5.43232840e-03 -1.52348309e-02
 -1.89417115e-02  7.85836750e-02  4.66755350e-02  6.48159346e-02
 -4.43073347e-02  1.11443231e-01 -9.22854642e-02 -1.00776920e-01
  6.56858342e-03 -8.28210229e-03  7.92536239e-02  2.39893718e-02
 -1.58663364e-02  5.35452473e-02  3.00798052e-02 -2.17033382e-02
  1.27947769e-02  8.11064281e-02 -3.92667665e-02  1.17494817e-01
 -1.14893833e-01  3.62078998e-02 -1.16796390e-02 -4.77993034e-02
 -6.96147404e-02 -8.99915856e-02 -1.32179787e-01 -1.15264655e-03
 -6.03759978e-03 -5.06602612e-02  4.93486593e-02  1.52683836e-01
  6.44915169e-02 -1.09740065e-01  4.94804304e-03 -2.34372010e-02
 -1.24584047e-01  7.37593761e-02  1.19485927e-02  5.84399383e-02
 -1.31551866e-01 -1.43919492e-02 -8.98457449e-02 -3.67672124e-02
  2.32497857e-02 -1.31153033e-01 -1.56828483e-03  7.37676256e-02
 -2.08477847e-02 -1.26792048e-01  1.92384491e-02 -4.76185661e-02
 -3.88147323e-03  4.23990909e-02 -9.38413341e-03 -6.20895856e-03
 -2.35173141e-02  8.56967361e-02  7.25544973e-02  6.06596860e-03
  4.41777914e-02 -1.02236842e-01  7.69350417e-03  8.92894789e-02
  5.56574918e-02  4.26459610e-02  2.47072720e-02 -1.22752940e-01
 -2.38769252e-02 -7.92989520e-02 -8.00741189e-02  5.37253601e-02
 -5.74992767e-02 -6.60238220e-02 -1.67742830e-02  4.57076492e-02
  3.05589228e-02  5.48733742e-02 -1.16249571e-01 -1.29997316e-01
  3.84809504e-02  3.42564600e-02  4.44862004e-02 -3.37520515e-03
  1.48255333e-01  1.40829215e-01 -9.65061096e-02  2.06016577e-02
  1.08199206e-02 -4.22581561e-02  1.35301804e-01  1.04516717e-01
  2.81287743e-02 -6.31452077e-02  1.49058769e-02 -7.04371467e-02
  8.35644391e-02  5.56535800e-02 -1.69272290e-01  1.02610237e-01
  5.56798923e-02  3.48811854e-02  6.55541110e-02  5.99237854e-03
 -4.49012265e-02 -8.78151489e-03 -5.44126539e-02 -1.29912518e-01
 -7.35061940e-02 -7.32363029e-02 -7.10342540e-02  3.33825912e-02
  8.04997498e-02  3.25814479e-02  3.41457991e-03  3.80085589e-02
 -1.01728721e-01 -1.64380842e-02  1.11794888e-01 -8.53819316e-02
 -2.44296324e-02  7.72606184e-03  2.30660664e-02  1.26891671e-01
 -4.40306267e-02  3.38614876e-02 -3.26767737e-02  1.54126620e-02]